976920.88 12
976921.05 50
976920.82 0
976920.75 62
976920.89 32
976920.75 21
976920.89 41
976920.83 91
976920.86 43
976920.68 89
976920.92 7
976920.78 32
976920.93 98
976921.08 11
976920.75 88
976920.86 77
976920.97 31
976920.87 82
976920.91 42
976920.86 75
976920.82 28
976920.9 95
976920.9 10
976920.83 75
976920.85 76
976920.95 52
976920.98 43
976920.92 48
976920.88 7
976920.69 39
976920.73 63
976920.84 60
976920.74 28
976920.88 69
976920.83 22
976921.05 85
976920.59 72
976920.94 9
976920.8 59
976920.86 42
976920.78 6
976920.72 96
976920.81 47
976920.88 24
976920.9 1
976920.96 75
976920.84 40
976920.93 17
976920.95 81
976920.81 52
976920.88 0
976920.8 36
976920.87 41
976920.97 33
976920.88 72
976920.85 39
976920.95 44
976920.96 31
976920.8 81
976921.05 57
976920.75 86
976921.0 17
976920.64 82
976920.85 46
976920.94 95
976920.83 27
976920.96 94
976920.76 46
976920.86 22
976920.89 59
976920.93 77
976920.97 79
976920.83 70
976920.74 43
976920.88 59
976920.99 38
976920.87 8
976920.76 74
976920.73 65
976920.94 43
976920.92 74
976921.06 56
976920.79 94
976920.89 99
976920.86 5
976920.82 77
976920.99 35
976920.81 7
976920.87 72
976920.89 39
976920.98 57
976920.87 31
976921.0 57
976920.84 17
976920.66 8
976920.86 95
976920.73 59
976920.97 30
976920.76 1
976920.89 72
