9.581653978166514 12
9.749012887276715 50
9.56510274505109 0
9.52020109761279 62
9.631569179718525 32
9.525114505807545 21
9.608808116186523 41
9.581463377564326 91
9.597003965564758 43
9.46569601752998 89
9.654761197940074 7
9.498731456312555 8
9.64221110404778 98
9.780615384905126 11
9.487617737196564 88
9.58619463158633 77
9.67790263685555 31
9.61171928512456 82
9.651962259393327 68
9.610420425887613 75
9.563577876901833 28
9.619019523148236 94
9.626270928181402 10
9.563692432573024 75
9.63878155812469 76
9.66484210912454 52
9.693398373252853 54
9.65489991782752 48
9.586784538217564 7
9.423738319210353 41
9.487155968904375 63
9.605165650503615 70
9.466303350449326 28
9.62535799819948 69
9.594525038971419 22
9.750357294727133 85
9.324431970192915 37
9.682161984610769 9
9.562577468811687 38
9.602096201156177 42
9.549825334497555 6
9.442036695644147 96
9.548521305110587 47
9.651250555514983 24
9.600829724289426 1
9.67856225533086 75
9.58281277143314 40
9.662682721875242 17
9.648256449383277 81
9.55945489464413 52
9.580272517915821 0
9.57010352884012 36
9.633484693886176 41
9.66631304846422 33
9.623461914238746 72
9.587585400431708 39
9.672539795325191 44
9.665313047700428 31
9.557322282330325 81
9.74875966870118 57
9.448510042265683 86
9.73273562602951 17
9.390353674590905 82
9.56669672738718 46
9.646303915717434 95
9.580780624039035 27
9.690455635038177 94
9.482325732419529 81
9.59449336498625 22
9.610082928654222 59
9.652291141176049 77
9.697231264412022 79
9.566503105906863 10
9.500626132081907 43
9.601351678731465 59
9.693290573585763 38
9.597280217896524 8
9.541116767528838 74
9.479482150475548 65
9.67177743434467 43
9.670077406575263 74
9.75780597494946 56
9.503750409521453 94
9.66479921174427 99
9.600830393091563 5
9.599558641873003 77
9.715916755758156 35
9.566571202717851 7
9.628058382978331 72
9.630849691933385 39
9.719364207805535 57
9.590025833971232 50
9.697579917560121 57
9.592304930019344 17
9.415756787775216 8
9.64405486472984 95
9.443961680323827 59
9.689865364553748 30
9.517609083646704 93
9.618827080222777 72
