9.581653975606034 12
9.749012884431737 50
9.565102742217267 0
9.520201094772492 62
9.631569176569831 32
9.525114502962564 21
9.608808113025434 41
9.581463374065777 91
9.59700396294385 43
9.465696014381166 89
9.65476119479138 7
9.498731453467572 8
9.642211101743348 98
9.780615382344646 11
9.487617734326808 88
9.586194628425242 77
9.67790263429507 31
9.61171928227958 82
9.6519622565595 68
9.610420423053789 75
9.563577874463853 28
9.61901952059779 94
9.62627092562092 10
9.56369242942433 75
9.638781555574248 76
9.66484210627956 52
9.693398370407872 54
9.654899915394935 48
9.586784535372587 7
9.423738316571947 41
9.487155966070551 63
9.605165647494523 70
9.46630334765593 28
9.625357995365654 69
9.594525035822727 22
9.750357292166653 85
9.324431967347934 37
9.682161981776945 9
9.562577466103505 38
9.602096198311196 42
9.549825332034812 6
9.4420366928011 96
9.548521302265604 47
9.651250552894075 24
9.600829721728946 1
9.678562252709954 75
9.58281276827205 40
9.662682719030261 17
9.648256446822797 81
9.55945489208365 52
9.58027251561139 0
9.570103526432401 36
9.633484691335736 41
9.66631304615979 33
9.623461911617838 72
9.587585397597884 39
9.67253979248021 44
9.665313045139948 31
9.557322279541106 81
9.748759666396749 57
9.448510040191696 86
9.732735623195689 17
9.390353672040463 82
9.566696725192998 46
9.646303913397167 95
9.580780621849708 27
9.690455632477695 94
9.482325730138694 81
9.59449336214127 22
9.610082926295405 59
9.652291138615565 77
9.697231261851538 79
9.56650310393647 10
9.500626129465322 43
9.601351676427033 59
9.693290571281333 38
9.59728021533604 8
9.541116764820654 74
9.47948214811673 65
9.671777431784186 43
9.670077403741438 74
9.75780597264503 56
9.503750407433214 94
9.664799209123363 99
9.60083039065898 5
9.599558639032704 77
9.715916753197675 35
9.566571200161583 7
9.628058380619514 72
9.630849689382945 39
9.719364205255095 57
9.590025831410749 50
9.697579915486136 57
9.592304927468902 17
9.415756784930235 8
9.644054862434444 95
9.443961678216546 59
9.689865362249316 30
9.51760908108622 93
9.618827078033451 72
