9.581654 12
9.7490129 50
9.5651027 0
9.5202011 62
9.6315692 32
9.5251145 21
9.6088081 41
9.5814634 91
9.597004 43
9.465696 89
9.6547612 7
9.4987315 8
9.6422111 98
9.7806154 11
9.4876177 88
9.5861946 77
9.6779026 31
9.6117193 82
9.6519623 68
9.6104204 75
9.5635779 28
9.6190195 94
9.6262709 10
9.5636924 75
9.6387816 76
9.6648421 52
9.6933984 54
9.6548999 48
9.5867845 7
9.4237383 41
9.487156 63
9.6051657 70
9.4663034 28
9.625358 69
9.594525 22
9.7503573 85
9.324432 37
9.682162 9
9.5625775 38
9.6020962 42
9.5498253 6
9.4420367 96
9.5485213 47
9.6512506 24
9.6008297 1
9.6785623 75
9.5828128 40
9.6626827 17
9.6482564 81
9.5594549 52
9.5802725 0
9.5701035 36
9.6334847 41
9.666313 33
9.6234619 72
9.5875854 39
9.6725398 44
9.665313 31
9.5573223 81
9.7487597 57
9.44851 86
9.7327356 17
9.3903537 82
9.5666967 46
9.6463039 95
9.5807806 27
9.6904556 94
9.4823257 81
9.5944934 22
9.6100829 59
9.6522911 77
9.6972313 79
9.5665031 10
9.5006261 43
9.6013517 59
9.6932906 38
9.5972802 8
9.5411168 74
9.4794822 65
9.6717774 43
9.6700774 74
9.757806 56
9.5037504 94
9.6647992 99
9.6008304 5
9.5995586 77
9.7159168 35
9.5665712 7
9.6280584 72
9.6308497 39
9.7193642 57
9.5900258 50
9.6975799 57
9.5923049 17
9.4157568 8
9.6440549 95
9.4439617 59
9.6898654 30
9.5176091 93
9.6188271 72
